episode_1:25844.5224999989
episode_2:25997.739999998892
episode_3:26028.479999998886
episode_4:25943.9412499989
episode_5:25888.73749999889
episode_6:81850.57500000107
episode_7:81849.05000000112
episode_8:81851.77500000094
episode_9:81916.77500000104
episode_10:81897.07500000102
episode_11:81749.725000001
episode_6:25719.22499999889
episode_7:25625.799999998886
episode_8:25749.874999998894
episode_9:25924.44999999889
episode_10:25836.574999998924
episode_11:25874.49999999889
episode_12:25820.99999999889
episode_13:25882.39999999888
episode_14:25920.599999998893
episode_15:25509.59999999891
episode_16:25847.049999998922
